1.902216267630899 Test loss (%)
99.49802160263062 Test accuracy (%)

99.44108348520273 Kappa accuracy (%)
99.49802194521162 Overall accuracy (%)
99.14978229949686 Average accuracy (%)
[ 99.14529915 100.         100.          99.34782609  98.86835157
 100.          99.97177533  99.46226922 100.          99.59938367
  99.14853359 100.          92.06174201  99.52785647  99.26347971
 100.        ] each_acc (%)

                            precision    recall  f1-score   support

    Brocoli_green_weeds_1        1.00      0.99      0.99      1989
    Brocoli_green_weeds_2        1.00      1.00      1.00      3689
                    Fallow       1.00      1.00      1.00      1956
         Fallow_rough_plow       0.98      0.99      0.99      1380
             Fallow_smooth       1.00      0.99      0.99      2651
                   Stubble       1.00      1.00      1.00      3920
                    Celery       1.00      1.00      1.00      3543
          Grapes_untrained       1.00      0.99      1.00     11158
      Soil_vinyard_develop       1.00      1.00      1.00      6141
Corn_senesced_green_weeds        0.99      1.00      0.99      3245
       Lettuce_romaine_4wk       1.00      0.99      1.00      1057
       Lettuce_romaine_5wk       0.99      1.00      1.00      1908
       Lettuce_romaine_6wk       1.00      0.92      0.96       907
       Lettuce_romaine_7wk       0.94      1.00      0.97      1059
        Vinyard_untrained        0.99      0.99      0.99      7196
  Vinyard_vertical_trellis       1.00      1.00      1.00      1789

                  accuracy                           0.99     53588
                 macro avg       0.99      0.99      0.99     53588
              weighted avg       1.00      0.99      0.99     53588

[[ 1972    17     0     0     0     0     0     0     0     0     0     0
      0     0     0     0]
 [    0  3689     0     0     0     0     0     0     0     0     0     0
      0     0     0     0]
 [    0     0  1956     0     0     0     0     0     0     0     0     0
      0     0     0     0]
 [    0     0     1  1371     8     0     0     0     0     0     0     0
      0     0     0     0]
 [    0     0     0    29  2621     1     0     0     0     0     0     0
      0     0     0     0]
 [    0     0     0     0     0  3920     0     0     0     0     0     0
      0     0     0     0]
 [    0     0     0     0     0     1  3542     0     0     0     0     0
      0     0     0     0]
 [    0     0     0     0     0     0     0 11098     0     0     0     0
      0     0    60     0]
 [    0     0     0     0     0     0     0     0  6141     0     0     0
      0     0     0     0]
 [    0     0     0     0     0     0     0     0    10  3232     0     2
      0     1     0     0]
 [    8     1     0     0     0     0     0     0     0     0  1048     0
      0     0     0     0]
 [    0     0     0     0     0     0     0     0     0     0     0  1908
      0     0     0     0]
 [    0     0     0     0     0     0     0     0     0     0     0    11
    835    61     0     0]
 [    0     0     0     0     0     0     0     0     0     5     0     0
      0  1054     0     0]
 [    0     0     0     0     0     0     0    32     0    21     0     0
      0     0  7143     0]
 [    0     0     0     0     0     0     0     0     0     0     0     0
      0     0     0  1789]]