8.53338991492874 Test loss (%)
98.49322438240051 Test accuracy (%)

98.28079697922779 Kappa accuracy (%)
98.49322493224932 Overall accuracy (%)
98.25359096526147 Average accuracy (%)
[100.          94.78599222  99.73226238  96.71361502  99.54022989
  98.32572298 100.         100.          94.44444444  98.85714286
  99.63800905  96.62921348  98.37837838  99.73661106  98.84726225
  96.42857143] each_acc (%)

                              precision    recall  f1-score   support

                     Alfalfa       0.95      1.00      0.98        41
                 Corn-notill       0.99      0.95      0.97      1285
                Corn-mintill       0.99      1.00      0.99       747
                        Corn       0.98      0.97      0.97       213
               Grass-pasture       0.98      1.00      0.99       435
                 Grass-trees       1.00      0.98      0.99       657
         Grass-pasture-mowed       1.00      1.00      1.00        25
               Hay-windrowed       1.00      1.00      1.00       430
                        Oats       1.00      0.94      0.97        18
              Soybean-notill       0.99      0.99      0.99       875
             Soybean-mintill       0.97      1.00      0.98      2210
               Soybean-clean       0.99      0.97      0.98       534
                       Wheat       1.00      0.98      0.99       185
                       Woods       0.99      1.00      1.00      1139
Buildings-Grass-Trees-Drives       0.99      0.99      0.99       347
          Stone-Steel-Towers       0.86      0.96      0.91        84

                    accuracy                           0.98      9225
                   macro avg       0.98      0.98      0.98      9225
                weighted avg       0.99      0.98      0.98      9225

[[  41    0    0    0    0    0    0    0    0    0    0    0    0    0
     0    0]
 [   2 1218    0    1    1    0    0    0    0    3   59    0    0    0
     1    0]
 [   0    1  745    0    1    0    0    0    0    0    0    0    0    0
     0    0]
 [   0    0    5  206    0    1    0    0    0    0    0    1    0    0
     0    0]
 [   0    0    0    0  433    0    0    0    0    0    2    0    0    0
     0    0]
 [   0    4    0    0    0  646    0    0    0    0    0    0    0    7
     0    0]
 [   0    0    0    0    0    0   25    0    0    0    0    0    0    0
     0    0]
 [   0    0    0    0    0    0    0  430    0    0    0    0    0    0
     0    0]
 [   0    0    0    0    1    0    0    0   17    0    0    0    0    0
     0    0]
 [   0    2    0    0    1    0    0    0    0  865    2    3    0    0
     2    0]
 [   0    2    0    0    0    2    0    0    0    3 2202    0    0    1
     0    0]
 [   0    0    1    4    0    0    0    0    0    0    0  516    0    0
     0   13]
 [   0    0    0    0    3    0    0    0    0    0    0    0  182    0
     0    0]
 [   0    0    0    0    0    0    0    0    0    0    3    0    0 1136
     0    0]
 [   0    0    0    0    0    0    0    0    0    0    4    0    0    0
   343    0]
 [   0    0    0    0    0    0    0    0    0    0    0    3    0    0
     0   81]]