5.29541292302825 Test loss (%)
98.28725457191467 Test accuracy (%)

97.73018688142423 Kappa accuracy (%)
98.28725459793421 Overall accuracy (%)
97.42662057025791 Average accuracy (%)
[ 96.79950762  99.90698183  94.79824988  96.86979687 100.
 100.         100.          93.09866962  95.36637931] each_acc (%)

                      precision    recall  f1-score   support

             Asphalt       0.97      0.97      0.97      6499
             Meadows       1.00      1.00      1.00     18276
              Gravel       0.95      0.95      0.95      2057
               Trees       0.97      0.97      0.97      3003
Painted metal sheets       1.00      1.00      1.00      1318
           Bare Soil       1.00      1.00      1.00      4929
             Bitumen       0.97      1.00      0.98      1303
Self-Blocking Bricks       0.94      0.93      0.94      3608
             Shadows       0.98      0.95      0.97       928

            accuracy                           0.98     41921
           macro avg       0.97      0.97      0.97     41921
        weighted avg       0.98      0.98      0.98     41921

[[ 6291     0    42    31     0     0    28   107     0]
 [    0 18259     0     5     0     0     0    12     0]
 [    4     0  1950     1     0     0     0    95     7]
 [   57    21     0  2909     0     5     4     4     3]
 [    0     0     0     0  1318     0     0     0     0]
 [    0     0     0     0     0  4929     0     0     0]
 [    0     0     0     0     0     0  1303     0     0]
 [  103    16    65    56     0     0     0  3359     9]
 [   20     0     1     4     1     5    12     0   885]]